[gd_scene load_steps=4 format=3 uid="uid://dx0v1i14fyw8c"]

[sub_resource type="PhysicsMaterial" id="PhysicsMaterial_m08mi"]
friction = 0.0

[sub_resource type="BoxShape3D" id="BoxShape3D_nchkm"]
size = Vector3(7.3728, 0.215118, 4.76475)

[sub_resource type="CapsuleShape3D" id="CapsuleShape3D_6onr1"]
radius = 0.446985

[node name="AeroBody3D" type="VehicleBody3D"]
mass = 850.0
physics_material_override = SubResource("PhysicsMaterial_m08mi")
center_of_mass_mode = 1
linear_damp_mode = 1
angular_damp_mode = 1

[node name="AeroControlComponent" type="Node" parent="."]

[node name="CollisionShape3D" type="CollisionShape3D" parent="."]
transform = Transform3D(1, 0, 0, 0, 1, 0, 0, 0, 1, 0, -0.00468441, 1.50782)
shape = SubResource("BoxShape3D_nchkm")

[node name="CollisionShape3D2" type="CollisionShape3D" parent="."]
transform = Transform3D(-4.37114e-08, -1, 0, 1, -4.37114e-08, 0, 0, 0, 1, 0, -0.434142, -0.41004)
shape = SubResource("CapsuleShape3D_6onr1")

[node name="Elevator" type="Node3D" parent="."]
transform = Transform3D(1, 0, 0, 0, 0.999848, 0.0174524, 0, -0.0174524, 0.999848, 0, -3.57628e-07, 3.05994)

[node name="CSGBox3D2" type="CSGBox3D" parent="Elevator"]
transform = Transform3D(1, 0, 0, 0, 1, 0, 0, 0, 1, 0, 3.57628e-07, 0.29494)
size = Vector3(2.0332, 0.113525, 1.14014)

[node name="Rudder" type="Node3D" parent="."]
transform = Transform3D(-4.37114e-08, -1, 3.55271e-15, 0.835693, -3.65293e-08, -0.549198, 0.549198, -2.40062e-08, 0.835693, -2.96035e-17, 0.742918, 3.32475)

[node name="CSGBox3D3" type="CSGBox3D" parent="Rudder"]
transform = Transform3D(-4.37114e-08, 0.999742, -0.0227224, -1, -4.37001e-08, 9.93232e-10, 3.55271e-15, 0.0227224, 0.999742, 0.0151641, -6.6283e-10, 0.239923)
size = Vector3(0.141602, 1.41797, 1.14014)

[node name="WingL" type="Node3D" parent="."]
transform = Transform3D(0.996195, 0.0871557, 0, -0.0870363, 0.994829, -0.052336, -0.00456138, 0.0521368, 0.99863, -1.90776, 0, -0.473555)

[node name="CSGBox3D4" type="CSGBox3D" parent="WingL"]
transform = Transform3D(1, 0, 5.96046e-08, 0, 1, 0, -5.96046e-08, 0, 1, 0.0698701, 0, 0.269345)
size = Vector3(3.67285, 0.113525, 1.14014)

[node name="WingR" type="Node3D" parent="."]
transform = Transform3D(0.996195, -0.0871557, 0, 0.0870363, 0.994829, -0.052336, 0.00456138, 0.0521368, 0.99863, 1.908, 0, -0.473945)

[node name="CSGBox3D5" type="CSGBox3D" parent="WingR"]
transform = Transform3D(1, 0, -5.96046e-08, 0, 1, 0, 5.96046e-08, 0, 1, -0.0699999, 0, 0.269945)
size = Vector3(3.67285, 0.113525, 1.14014)

[node name="Camera3D" type="Camera3D" parent="."]
transform = Transform3D(1, 0, 0, 0, 1, 0, 0, 0, 1, 0, 1.55771, 9.0562)

[node name="AeroThrusterComponent" type="Marker3D" parent="."]

[node name="Label3D" type="Label3D" parent="."]
transform = Transform3D(1, 0, 0, 0, 1, 0, 0, 0, 1, -2.11, 3.133, 6.07)
text = "Use arrow keys for pitch and roll.
Use page up/page down for throttle control."
